14  5  20  18  19  10  23  21  17  13  7  15  6  9  24  16  12  1  4  22  2  8  25  3  11  
7  11  9  15  6  4  22  2  20  16  1  14  25  23  19  5  21  24  8  3  13  12  17  18  10  
1  24  16  4  21  15  8  5  11  3  2  17  12  22  18  14  7  13  25  10  23  6  19  20  9  
2  3  25  8  12  14  7  1  19  18  10  13  21  16  20  23  6  17  9  11  15  5  22  24  4  
23  17  13  10  22  12  25  6  9  24  11  4  3  5  8  2  20  19  15  18  7  21  16  1  14  
11  18  15  7  17  24  13  14  5  1  25  9  20  8  21  19  3  4  16  2  10  23  12  6  22  
8  9  5  23  13  2  21  22  6  11  14  24  4  7  16  25  10  12  20  1  18  15  3  17  19  
10  6  19  24  2  3  20  12  4  15  5  23  17  1  22  7  13  9  18  14  8  16  11  25  21  
16  1  4  21  3  25  18  9  23  10  19  11  13  2  12  15  17  22  6  8  14  24  20  5  7  
12  14  22  20  25  7  19  16  8  17  3  10  15  18  6  11  5  23  21  24  9  4  2  13  1  
15  20  6  2  10  11  4  18  14  23  9  8  16  3  17  24  19  25  5  21  12  7  1  22  13  
17  21  7  13  8  16  9  19  1  22  20  6  14  25  15  4  11  2  3  12  24  10  5  23  18  
25  19  12  1  18  6  15  10  21  5  24  22  23  13  2  9  14  20  17  7  3  11  4  8  16  
9  23  11  3  4  8  24  17  2  7  18  5  10  12  1  6  16  15  22  13  25  19  21  14  20  
22  16  24  14  5  20  3  13  12  25  4  19  7  21  11  8  1  18  10  23  17  9  15  2  6  
3  22  23  25  20  17  2  11  16  6  12  7  24  15  10  1  18  14  19  4  5  13  9  21  8  
13  15  1  5  11  18  14  25  10  8  21  20  19  17  3  22  9  16  7  6  4  2  24  12  23  
18  7  21  16  14  19  12  4  15  20  8  2  5  6  9  13  24  3  23  17  22  1  10  11  25  
4  8  10  12  9  22  1  24  13  21  23  16  18  14  25  20  15  11  2  5  19  3  6  7  17  
6  2  17  19  24  23  5  7  3  9  22  1  11  4  13  21  8  10  12  25  20  18  14  16  15  
19  4  8  6  16  13  11  3  22  12  15  25  9  24  23  18  2  21  14  20  1  17  7  10  5  
21  10  14  17  7  1  16  23  24  19  13  3  8  20  4  12  25  5  11  15  6  22  18  9  2  
5  25  3  22  15  9  10  20  18  2  16  12  1  11  7  17  23  6  13  19  21  14  8  4  24  
20  13  2  9  1  21  6  15  7  14  17  18  22  10  5  3  4  8  24  16  11  25  23  19  12  
24  12  18  11  23  5  17  8  25  4  6  21  2  19  14  10  22  7  1  9  16  20  13  15  3  