14 5 20 18 19 10 23 0 17 13 7 15 0 0 0 16 12 0 0 22 0 0 0 0 0
7 0 9 0 0 4 0 2 0 16 0 14 0 0 0 5 21 24 8 3 0 12 0 0 0
1 24 16 4 0 15 0 0 0 0 0 0 12 22 18 14 0 0 0 10 23 6 0 0 0
0 0 0 0 0 0 0 1 19 18 10 13 21 0 20 0 6 17 0 11 15 5 22 24 4
23 0 13 10 0 12 25 6 9 24 0 4 0 0 0 2 20 0 0 0 7 0 0 0 0
0 18 0 7 17 24 0 0 5 1 0 0 20 0 21 19 3 4 16 2 0 0 0 0 22
0 0 5 23 13 0 0 22 6 11 14 0 0 7 0 25 10 12 20 1 18 15 0 17 0
0 6 19 0 0 0 0 12 0 15 5 23 17 1 0 7 13 9 0 14 8 16 11 25 0
16 1 0 21 3 25 18 9 0 10 19 0 0 0 0 15 17 0 0 0 0 0 0 5 7
12 14 22 0 0 7 0 16 8 17 3 0 0 18 0 0 5 23 21 24 9 4 0 13 1
0 20 0 2 10 11 0 0 0 23 9 0 16 0 17 0 0 25 0 21 12 0 1 22 0
17 21 0 13 0 16 9 19 0 0 0 6 14 25 15 4 0 2 3 12 0 10 0 23 18
0 19 12 1 0 6 15 0 21 5 0 0 0 0 2 9 0 0 0 7 3 0 4 0 0
0 23 0 0 4 0 0 0 0 7 18 0 0 0 0 0 16 15 22 13 0 19 0 0 20
0 0 24 14 5 20 3 13 0 0 0 19 0 0 11 0 1 18 0 23 17 9 15 2 6
3 22 23 25 20 17 2 11 16 0 12 0 24 0 0 0 18 14 19 0 5 13 0 21 8
13 0 1 5 0 18 14 0 10 0 0 20 19 0 3 0 0 16 7 0 0 2 24 12 0
0 7 0 0 0 19 12 0 0 20 0 0 0 6 9 13 24 3 0 17 0 0 0 11 0
0 8 0 0 0 0 1 0 0 0 23 0 18 14 25 0 15 11 0 0 19 0 0 0 0
0 2 0 19 0 0 5 7 0 9 0 1 11 0 0 21 8 10 0 25 20 0 14 16 0
0 4 8 0 16 0 11 3 22 0 15 0 9 24 0 0 2 0 14 20 1 0 7 10 0
21 10 0 17 7 0 0 23 24 19 13 3 8 20 0 0 0 0 11 0 6 0 18 9 2
5 25 0 0 15 0 10 0 18 2 16 0 0 0 0 0 23 0 13 19 21 14 8 0 0
20 0 2 9 0 21 0 15 7 0 0 18 22 0 5 3 0 0 0 16 11 25 23 19 12
24 0 18 11 23 5 0 8 25 0 6 21 2 19 14 10 22 0 0 9 0 0 13 0 3